samples/iOS/AnalizingVisualization/AnalyzingVisualization/AppData/usEarthquake.grd
ncols 100
nrows 134
xllcorner -14527652.3425126
yllcorner -178651.060706187
cellsize 75005.1168272367
NODATA_Value -9999
[rows 100 to 119 of 134, columns 46 to 91 of 100]
4.86023556189749 4.85794999654096 4.85564005609817 4.85331646451449 4.85099097703205 4.84867637721091 4.84638647751331 4.84413612718644 4.84194122800285 4.83981875599589 4.83778678754764 4.83586453195274 4.83407237918884 4.83243197894814 4.8309663724873 4.82970020102377 4.82866001365798 4.82787469639929 4.82737604492478 4.82719951004835 4.82738515861389 4.82797891542486 4.82903418643012 4.83061401442785 4.8327939948181 4.83566629626945 4.83934531840055 4.84397582967773 4.84974496875118 4.8569004749905 4.86577939521912 4.87685532436692 4.89082046314102 4.90873787112027 4.93234752867737 4.96474425843811 5.01206515584262 5.08829950472605 5.23080400523099 5.54073581455695 5.92161832829087 5.57576467420002 5.37375417512929 5.41128704265875 5.56996417263268 5.63406976827044
4.86323293782059 4.86110232595777 4.85895260798975 4.85679378315969 4.85463683069166 4.85249371429126 4.85037738901371 4.84830181321398 4.84628196712887 4.84433387896038 4.84247466005583 4.84072255331933 4.83909700299542 4.83761875843081 4.83631002819854 4.83519470340647 4.83429867040291 4.83365023467015 4.83328068127174 4.8332250046964 4.83352285413948 4.83421976111646 4.83536874750588 4.83703245808372 4.83928602993103 4.84222101493662 4.84595083416439 4.85061850593443 4.85640783081761 4.86355998583688 4.87239887492333 4.88337121983123 4.89711257967208 4.91456118517422 4.93716415464232 4.96726852523313 5.00887703837608 5.06897090407313 5.1582204070929 5.27820438380741 5.3620453996381 5.34018434140547 5.33944378702341 5.46778643053619 5.99552685677647 6.76026399424239
4.86612710468704 4.86413742530184 4.86213359567158 4.86012495125396 4.85812175925933 4.85613522765238 4.85417751650243 4.85226175389549 4.8504020584149 4.84861357030337 4.84691249430014 4.845316158998 4.84384310022397 4.84251317895633 4.84134774713796 4.84036987719224 4.83960467332291 4.83907968554365 4.83882545195346 4.83887620237348 4.83927076851462 4.84005376402944 4.84127712438913 4.84300213499328 4.8453021318275 4.84826614141414 4.85200385069643 4.85665248768056 4.8623864916263 4.86943132648705 4.87808355577313 4.88874052038236 4.90194483495258 4.91845136516295 4.93932557553282 4.96607236806115 5.00073091810958 5.04559290662694 5.10130764660885 5.16123227469158 5.20835555920566 5.2395038943986 5.28644501395779 5.39104075016739 5.61735988509207 5.47347809843654
4.8689302484938 4.86706884992253 4.8651979393843 4.86332623992416 4.8614633606486 4.85961980851966 4.8578070028809 4.85603729465621 4.85432399238695 4.85268139771032 4.85112485376726 4.84967081146393 4.84833692043009 4.84714215372355 4.84610697761118 4.84525358005591 4.84460617405004 4.84419139514881 4.84403881720275 4.84418161725556 4.84465743090395 4.84550945432574 4.84678787028001 4.84855170488659 4.85087126314002 4.85383134856994 4.85753555275691 4.86211201206929 4.86772118114055 4.87456636891648 4.8829080011107 4.89308270109872 4.90552793535927 4.92081097310612 4.93965389914889 4.96292554827287 4.99151729365393 5.02591432860799 5.06523145807835 5.10619440333619 5.14479869901566 5.18221973499308 5.22547118646487 5.27151184248286 5.25969294339805 5.03399867692825
4.8716525878873 4.86990802294767 4.86815826587156 4.86641147165228 4.86467663760894 4.86296361690441 4.86128313521959 4.85964681234985 4.85806719088074 4.85655777465181 4.85513308054069 4.85380870825617 4.85260143430372 4.85152933799298 4.85061196923522 4.84987056992847 4.84932836311902 4.84901092716997 4.848946676334 4.84916747499191 4.84970942103725 4.85061384521454 4.85192858850678 4.85370963993177 4.85602324342808 4.8589486158131 4.86258145797799 4.86703848533781 4.87246323955737 4.87903343971288 4.88697000670901 4.89654745772977 4.90810417958211 4.92204821119566 4.93884780830967 4.95898378648379 4.98282327268416 5.01037361065454 5.04097227486595 5.07327422309925 5.10609433674496 5.13951628516236 5.17354832023882 5.20340412577175 5.22792433687755 5.39442725220673
4.87430271754992 4.87266460519564 4.8710253044383 4.86939244113878 4.86777444120771 4.86618054510752 4.86462082582748 4.86310621195073 4.8616485178753 4.86026048380094 4.85895582883056 4.85774932148201 4.85665687307406 4.85569566080642 4.85488428889032 4.8542429978325 4.85379393404475 4.85356149454586 4.85357276491585 4.85385807318299 4.85445168831424 4.85539269974471 4.85672612415842 4.85850429751687 4.86078862362149 4.86365176366252 4.86718036015954 4.87147838425753 4.876671157842 4.88290999091836 4.89037710969687 4.89928997930771 4.9099029803117 4.92250228870071 4.93738641868067 4.95482093450435 4.9749558963489 4.99771182083459 5.02269236538641 5.04924514751971 5.07670663905928 5.10447277121001 5.13134237904241 5.15496014325334 5.17478056605087 5.1849981303378
4.87688788657667 4.87534679435577 4.87380820651441 4.87227925430525 4.87076782784213 4.86928259102682 4.86783300010264 4.86642932732072 4.86508269162581 4.86380509877786 4.86260949395698 4.86150983067667 4.86052116076052 4.8596597512126 4.85894323504206 4.85839080450946 4.8580234569205 4.85786430510777 4.85793896724868 4.85827605380635 4.85890777323419 4.85987068263782 4.86120661459248 4.86296381610746 4.86519833886318 4.8679757184095 4.87137296840742 4.87548088376232 4.88040657467031 4.88627600896602 4.8932360677799 4.90145513723445 4.91112046933434 4.92242940954148 4.93557036296558 4.95068914615704 4.96783979677979 4.98692960982435 5.00768434974314 5.02965916534466 5.05226212247482 5.07465824371374 5.09546982600077 5.1125046993887 5.12240816657819 5.11827275701019
4.87941422562768 4.87796156884713 4.87651480579883 4.87508060401099 4.87366634952544 4.87228016179575 4.87093091220456 4.86962824754881 4.86838262021694 4.86720532722312 4.86610856079114 4.86510547380812 4.8642102641976 4.86343828309693 4.86280617266691 4.86233204042704 4.86203567822796 4.86193883538089 4.86206555709788 4.86244260125006 4.86309994844409 4.86407142229288 4.86539543800495 4.86711589701676 4.86928324154117 4.87195567241632 4.87520051111178 4.8790956432385 4.88373090219523 4.88920911644543 4.89564632412677 4.90317032566261 4.9119162943096 4.92201767822639 4.93359039410596 4.94670896435694 4.96137565594918 4.97748789131751 4.9948118285816 5.0129624151164 5.03136677742331 5.04916909799539 5.06506832141313 5.07714691184216 5.08272077503048 5.07850132914901
4.88188693332923 4.88051488788823 4.87915183159807 4.87780399608904 4.87647829186232 4.87518232277945 4.87392440402268 4.87271358473256 4.87155967684668 4.87047329203016 4.86946588901558 4.86854983416034 4.86773847858608 4.86704625588632 4.86648880506791 4.8660831241335 4.86584776050709 4.86580304534713 4.86597137963914 4.86637758072573 4.86704929841622 4.86801750966314 4.8693170993474 4.87098753090038 4.87307360252892 4.8756262698834 4.87870348977059 4.88237099554047 4.8867028441948 4.89178146719913 4.89769680140081 4.90454387239295 4.91241797622636 4.92140644039352 4.93157601533799 4.94295549745852 4.95551432753193 4.96913911139616 4.98360952543125 4.99857071626826 5.01349251480046 5.02760639905571 5.03983136868164 5.04873548283306 5.05262671522754 5.04996927627712
4.88431042996938 4.88301185654026 4.88172508484454 4.88045593586089 4.87921087045243 4.87799700312843 4.87682211901644 4.87569469510398 4.87462392706783 4.87361976330135 4.87269294808163 4.87185507618777 4.87111866168504 4.87049722402069 4.87000539502529 4.86965905086015 4.86947547337452 4.8694735456867 4.86967398700385 4.87009963160432 4.87077575627713 4.87173045895068 4.87299508809858 4.87460471679512 4.87659864550254 4.87902090161482 4.88192067839739 4.88535261725426 4.88937678057898 4.89405808371227 4.89946485307092 4.90566606186341 4.91272669170894 4.92070063219783 4.92962064025825 4.93948520008369 4.95024258814628 4.96177271648489 4.9738668293834 4.98620374818705 4.99832083311605 5.00958227922954 5.01916033633718 5.02606488612498 5.02927675721006 5.02803807285159
4.88668848473817 4.88545686247003 4.88423958404293 4.88304208285145 4.88187039386377 4.88073116639198 4.87963167973004 4.87857986257069 4.87758431731298 4.87665435059783 4.8758000116524 4.87503214028602 4.8743624266512 4.87380348515039 4.87336894511731 4.8730735610989 4.87293334567773 4.87296572773065 4.87318973872699 4.87362622896109 4.87429811424186 4.87523065114831 4.87645173493425 4.87799220771478 4.87988615454275 4.88217114985824 4.88488839465385 4.88808265339774 4.89180185744015 4.89609618780783 4.90101638790988 4.90661099514584 4.91292213887297 4.91997956005636 4.92779259633104 4.93634005305093 4.945558092884 4.95532639986846 4.96545283209218 4.97565686797076 4.98555340228182 4.99464236399392 5.0023167465104 5.00790949460891 5.01080110627606 5.01059110372323
4.88902432141554 4.88785368969521 4.88669968676465 4.88556737966822 4.88446239945454 4.88339095274712 4.88235983578487 4.88137645169777 4.88044883193286 4.87958566290689 4.87879631913136 4.87809090422276 4.87748030137084 4.87697623496577 4.87659134517077 4.87633927722316 4.87623478711934 4.87629386500424 4.87653387694855 4.87697372469206 4.87763402113542 4.8785372765469 4.87970808615964 4.88117330345329 4.88296217414567 4.88510639280674 4.88764002599956 4.89059922205366 4.8940215976849 4.89794515679318 4.90240656058108 4.90743853823753 4.91306621605374 4.91930216540524 4.92614003948732 4.93354678589769 4.94145357017072 4.94974570931273 4.95825215335348 4.96673561003553 4.97488573231821 4.9823202406597 4.98860198150528 4.99328161747095 4.99597182522879 4.99644504927049
4.89132070639264 4.89020561346319 4.88910919110885 4.88803615971882 4.8869917669575 4.88598179797925 4.88501258768582 4.88409103565141 4.88322462444543 4.88242144219001 4.88169021029227 4.88104031738368 4.88048186056156 4.88002569505211 4.87968349336579 4.87946781486564 4.87939218636662 4.879471193854 4.87972058456036 4.88015737732583 4.88079997719836 4.88166828734939 4.88278380724167 4.88416970017338 4.88585080532459 4.88785355873093 4.89020577374409 4.89293621435519 4.89607387471492 4.89964685689487 4.90368071974949 4.908196160254 4.91320589273163 4.91871061983043 4.92469404954354 4.93111700911261 4.93791084296704 4.94497047617565 4.95214783826947 4.95924689628939 4.96602246870486 4.9721862242702 4.9774242509535 4.9814300232747 4.98395278020181 4.98485343585172
4.89358002213198 4.8925154795742 4.89147142064189 4.8904522374784 4.88946281372837 4.88850853329233 4.8875952906872 4.88672950350775 4.88591812754833 4.88516867520739 4.88448923784605 4.88388851280042 4.88337583573912 4.88296121899632 4.88265539636884 4.88246987461116 4.88241699144687 4.88250997927402 4.88276303279083 4.88319137739128 4.8838113332247 4.88464036709198 4.88569712062594 4.88700139821121 4.88857409156358 4.89043700958037 4.8926125719171 4.89512331296439 4.89799113027505 4.90123619963887 4.90487547068883 4.90892065622374 4.91337564061961 4.91823326369233 4.9234714920371 4.92904907621986 4.93490091821205 4.9409335573268 4.94702145730957 4.95300517868871 4.95869303991243 4.96386835491379 4.96830438086465 4.97178807876107 4.97415111528453 4.97530241633958
4.89580432857071 4.89478577081379 4.89378929564251 4.89281898428943 4.8918793747917 4.8909754692286 4.89011274213713 4.88929715048053 4.88853514557809 4.88783368742973 4.88720026187603 4.88664290101326 4.88617020722029 4.88579138103449 4.88551625290697 4.88535531855028 4.88531977711503 4.8854215707468 4.88567342310863 4.88608887311738 4.8866822983271 4.88746891996631 4.88846477845361 4.88968666413484 4.89115198288759 4.89287853009072 4.89488413939033 4.89718616511408 4.89980074993721 4.90274182393061 4.90601977961106 4.90963977307225 4.91359961742385 4.9178872658456 4.92247793218816 4.92733097251461 4.93238675826751 4.93756392033713 4.94275754214912 4.947839123928 4.95265938084803 4.95705504299429 4.96086056223459 4.96392472951919 4.96613055201421 4.96741466596838
4.89799541450031 4.89701866266023 4.89606539294553 4.89513939211483 4.89424487023023 4.89338646636562 4.89256925508611 4.89179875396661 4.89108093242691 4.89042222215518 4.88982952936755 4.88931024909446 4.88887228158404 4.88852405075356 4.88827452437732 4.88813323535091 4.88811030287617 4.88821645173431 4.88846302689079 4.88886199945383 4.88942595840219 4.89016808043505 4.89110206769896 4.89224203995092 4.89360236392196 4.8951973983217 4.89704112830959 4.899146658814 4.90152553259305 4.90418683761326 4.90713607087094 4.91037373439762 4.91389365652936 4.91768106056024 4.92171044685348 4.92594341672887 4.93032665025907 4.93479035735293 4.93924764831269 4.94359539758965 4.94771725511388 4.95148940614585 4.95478937609248 4.9575075266138 4.95955992183824 4.96090021468956
4.90015484058914 4.8992160700388 4.89830199626429 4.89741612722924 4.89656236200559 4.89574499497853 4.89496872044687 4.89423863779413 4.89356025739596 4.89293950740275 4.89238274148739 4.89189674756919 4.8914887573988 4.89116645670984 4.89093799538522 4.8908119967307 4.89079756446991 4.89090428543449 4.8911422250906 4.89152191196697 4.89205430569349 4.89275074167409 4.89362284338218 4.89468239087547 4.89594113143749 4.89741051539795 4.89910133743408 4.90102326145481 4.90318420620272 4.90558956994597 4.90824127735268 4.91113664142507 4.91426705003636 4.91761651209561 4.92116013452924 4.92486264956838 4.9286771725862 4.93254444146998 4.93639286078648 4.94013972851418 4.94369402497282 4.9469610426679 4.94984888024843 4.95227639263459 4.95418163815929 4.95552935622257
4.9022839754166 4.90137968658529 4.90050113854131 4.8996515754856 4.89883460193399 4.89805418547711 4.89731465959855 4.89662072664711 4.89597746103689 4.8953903127067 4.89486511080646 4.89440806748352 4.89402578150617 4.89372524127299 4.89351382650136 4.8933993075487 4.89338984087291 4.8934939585668 4.89372054917252 4.89407882607707 4.89457827868299 4.89522860022787 4.89603958459634 4.89702098276385 4.89818230772067 4.89953257499926 4.90107996453879 4.90283138895339 4.90479195389281 4.90696429883823 4.90934781229299 4.91193772499076 4.91472409961608 4.91769075670273 4.92081420464727 4.92406267721799 4.92739542318537 4.9307624356655 4.93410484483893 4.93735621177929 4.94044493096754 4.94329784875717 4.94584501528973 4.94802521315728 4.9497915956717 4.95111651840654
4.904384025656 4.90351101762946 4.90266463761446 4.90184788051889 4.90106407225149 4.90031687112321 4.89961026900981 4.89894859230805 4.89833650268569 4.8977789975732 4.8972814102732 4.89684940946204 4.89648899771952 4.89620650853843 4.89600860102372 4.89590225117654 4.89589473826374 4.89599362427296 4.89620672384552 4.89654206133933 4.89700781080725 4.89761221368152 4.89836346785793 4.89926958073157 4.90033817764176 4.90157625629601 4.90298987729631 4.90458378121202 4.90636092417414 4.90832192725199 4.91046444056056 4.9127824318321 4.91526542172823 4.91789770495467 4.92065761734509 4.92351693380501 4.92644050832944 4.92938629111957 4.9323058721124 4.93514569463084 4.93784904448492 4.94035883666095 4.94262108904818 4.94458880195103 4.94622578794274 4.94750987497091
4.90645606135033 4.90561140790946 4.90479412627307 4.90400697602237 4.90325301996529 4.90253562428468 4.9018584581943 4.90122549308501 4.90064100110435 4.90010955305524 4.8996360154255 4.8992255462568 4.89888358942867 4.89861586675916 4.8984283671033 4.89832733135321 4.89831923189988 4.89841074470094 4.89860871160146 4.89892008997632 4.8993518861066 4.89991106798804 4.90060445252897 4.90143856139177 4.90241943916043 4.90355242721687 4.90484188688156 4.90629086627473 4.90790070731705 4.90967059269091 4.91159703785378 4.91367334072831 4.91588901181052 4.91822922021301 4.92067430627271 4.92319942778871 4.9257744226816 4.92836398244359 4.93092823309722 4.93342380696734 4.93580545251951 4.93802816605446 4.94004973924378 4.94183351129035 4.94335101670387 4.94458416104846
