samples/iOS/AnalizingVisualization/AnalyzingVisualization/AppData/usEarthquake.grd
ncols 100
nrows 134
xllcorner -14527652.3425126
yllcorner -178651.060706187
cellsize 75005.1168272367
NODATA_Value -9999
[rows 40 to 59 of 134, columns 46 to 91 of 100]
4.88959704735373 4.88655866852573 4.88351593623083 4.88047404826574 4.87743674153014 4.87440632350907 4.87138354227109 4.86836765638087 4.86535696803129 4.86234992549636 4.85934668412883 4.85635077024747 4.8533702877491 4.85041804225443 4.8475101407479 4.84466310877653 4.84189023652279 4.83919838027223 4.83658641108683 4.83404581866667 4.83156302653576 4.82912234229871 4.82670846260638 4.82430792721272 4.8219095032223 4.8195039096709 4.81708348825725 4.81464241473364 4.81217785111588 4.80969207336391 4.80719514449561 4.80470732578392 4.80226035883223 4.79989709669847 4.79766953652517 4.79563577732131 4.79385656351003 4.79239189512575 4.79129787791423 4.79062373868116 4.79040883361235 4.79067953779651 4.79144610045309 4.79269985248547 4.79441149964789 4.79653148842842
4.88461896377974 4.88141176179808 4.87821165844796 4.8750223243609 4.87184663282303 4.86868608615307 4.86554002930089 4.86240527130428 4.85927658645854 4.85614833947307 4.85301712678225 4.84988488274096 4.84676146692252 4.84366549476631 4.84062234533722 4.83765912291762 4.83479779488268 4.83204905261988 4.82940953466128 4.82686348165022 4.82438764637577 4.82195695909312 4.81954873178637 4.81714444400302 4.81472937846472 4.81229106658972 4.80981771947519 4.80729775956929 4.80472127503731 4.80208359259051 4.79939021933231 4.79666151649607 4.79393526175964 4.7912660474219 4.78872180865317 4.78637878469142 4.78431633621993 4.78261245224044 4.78134003562552 4.78056356809992 4.78033561506013 4.78069276068155 4.78165089690123 4.78320032200597 4.78530181861782 4.78788559907232
4.87944553780283 4.87603532485106 4.87265012892108 4.86929028032976 4.86595746655428 4.86265254420066 4.85937329692426 4.85611301648914 4.8528606886841 4.84960330935566 4.84633031533971 4.84303934242747 4.83974166795324 4.83646497070748 4.83325090044668 4.83014621286535 4.82718935673754 4.82439800165194 4.82176379309312 4.81925679331812 4.81683634838654 4.81446229501602 4.81210196674545 4.8097318521298 4.80733520102621 4.80489769458314 4.80240325984995 4.79983195647197 4.79716160807031 4.7943739442718 4.79146408263373 4.78844992727739 4.78537729180537 4.78231845005083 4.77936521055127 4.77661987141846 4.77418718234443 4.77216863695194 4.77065870355943 4.7697417896532 4.76948868314239 4.76995151885694 4.77115681074418 4.77309688819746 4.77572138441399 4.77893217838641
4.87401350284276 4.8703628875663 4.86676119125252 4.86320376192172 4.85969178926393 4.85622681026859 4.85280571065938 4.84941719512872 4.84604100570065 4.8426510246867 4.83922258155782 4.83574296798641 4.83222264544863 4.82870293716628 4.82525453924505 4.82196217077222 4.8188972017785 4.81609045147553 4.81352149133001 4.81113074652778 4.80884470123561 4.80659849701277 4.80434691496355 4.80206398341037 4.79973571731363 4.79735030107183 4.79488882015141 4.79231942766458 4.7895983462042 4.78668042238227 4.78353804496046 4.78018107811957 4.77666745345315 4.77309887465487 4.76960540640234 4.76632800746999 4.76340590612696 4.76097029582444 4.75914213496773 4.75803100009312 4.75773255401752 4.75832290969537 4.75984869665708 4.76231248022148 4.76565519793546 4.76974106255849
4.86823604328442 4.86430675294298 4.86045225466343 4.85666330107857 4.85294376242699 4.84929969998636 4.84572973007593 4.84221746464952 4.83872827104278 4.83521291762767 4.83161932009981 4.82791125685767 4.82409069874287 4.8202174492101 4.81641439025417 4.81284294512587 4.80964479984719 4.8068771126216 4.80448825484588 4.80235247786675 4.80033171717745 4.79832116424956 4.79626302049858 4.79413766853037 4.7919457370248 4.78968858979535 4.78735006104844 4.78488243368138 4.78220344156153 4.77921338402571 4.77583435645368 4.77205569947306 4.76795744897702 4.76369659703801 4.75946942041776 4.75547584140883 4.75190055953127 4.74890950193434 4.7466534250057 4.74527186377561 4.7448936875661 4.74563200558607 4.74757110714249 4.75074302674659 4.75509337792267 4.76044296334163
4.86199982019474 4.85775367638198 4.85360086817921 4.84953285282979 4.84556399666112 4.84171351507756 4.83798867485508 4.83436962778692 4.83080016715475 4.82719062056639 4.82343630827114 4.8194496808162 4.81520222786549 4.81077091008688 4.80637021864265 4.80232419634478 4.79893853421826 4.79632852657 4.79435560418168 4.79273561552606 4.79120067398291 4.78958649614789 4.78783390263575 4.78595297589844 4.7839842819006 4.78196529825864 4.77989843121501 4.77771938642401 4.77527800351481 4.77235990412632 4.76877038135726 4.76444829700275 4.75952398206592 4.75427278818376 4.74901471091348 4.74403999308371 4.73958761875502 4.73585670613439 4.73302552163799 4.73126570541871 4.73074879433548 4.73164409356333 4.73410438650723 4.73823237305202 4.74401975489314 4.75125926156367
4.85516716612029 4.85056055304539 4.84604367945059 4.8416212241223 4.83733299142267 4.83322846583469 4.82933966113709 4.82565144329688 4.82207717742351 4.81845645977314 4.8145848478677 4.81026742582161 4.80538873644962 4.8000101804051 4.79448974516102 4.78951114317399 4.78580868777147 4.78364618050028 4.78261674342151 4.7820270613807 4.78135204475103 4.78036510018832 4.77905391580859 4.77751190504835 4.77586744144785 4.77423867161769 4.77268685579367 4.77114939792183 4.7693650616864 4.7668692475529 4.76317269793506 4.75808271800414 4.75187034126489 4.74509945907231 4.73833524944919 4.7319967710992 4.72636721396333 4.72165738838054 4.71805791245861 4.71576855578062 4.71501248826706 4.71604114315931 4.71912582585825 4.72452062153296 4.73236946056179 4.7425269717585
4.847581782513 4.84254785424945 4.83755829325718 4.83264994755423 4.82791274236748 4.82345783279969 4.81937763562277 4.81568960452447 4.81227038294629 4.80883270122243 4.80498281817977 4.80031407175893 4.79449590533841 4.7874283110789 4.77959565951843 4.77248117729227 4.76811072139772 4.76721556195066 4.76843214706557 4.76992544310219 4.77072831977912 4.77067092979704 4.76993813410182 4.76881360591203 4.76759121241627 4.76654714193999 4.76589693213714 4.76567268295593 4.76548347426159 4.76430905079099 4.76082526807459 4.75444576999017 4.74591742932021 4.73660134227204 4.72755049223213 4.71930748417897 4.71211683632541 4.7061320736024 4.70151853043629 4.69849064800071 4.69732856373804 4.69839527895181 4.70215173651097 4.70914420532572 4.71990594695544 4.73466076623708
4.83906900115848 4.83348651848979 4.82783199686367 4.82219537482776 4.81675521455383 4.81173675529518 4.80736729945909 4.80378840320428 4.80085983206889 4.79804393917781 4.79457187154808 4.7896560579067 4.7825172446675 4.77242956226675 4.75944363149432 4.74654405731896 4.74033896663703 4.74350703928476 4.75052315385529 4.75623268115452 4.75942432871073 4.76060748564002 4.76053229335703 4.75984378056538 4.75910001101821 4.75884886801769 4.7596629422264 4.76200204248512 4.76561201712044 4.76833835509501 4.76611123991268 4.75686729731815 4.7433345867514 4.72934263260918 4.71674287849374 4.70588844061385 4.69668968900613 4.68908678624932 4.68315680224934 4.67910776332597 4.67727367064938 4.67814994268195 4.68246602464876 4.69126510447261 4.70591765670529 4.72784450874793
4.82942133654448 4.82307553051213 4.81640772661581 4.80957769607347 4.8029210883289 4.7968460004521 4.79183203183744 4.78846717376822 4.78678386975687 4.78561545915077 4.78333948253756 4.77859230183166 4.76991292898275 4.75491796289113 4.73030540023702 4.69881250829074 4.68568177848544 4.70483430856493 4.72777283949962 4.74137873462229 4.74787451313912 4.75040916233854 4.75091109850727 4.75055810143151 4.75024529411124 4.7509129558568 4.75383459304998 4.76081716660269 4.77350057575905 4.78880837448359 4.79210248594536 4.77360764505493 4.74685237187015 4.72373709100521 4.70579291966518 4.69158210906526 4.67994081984178 4.67034824779457 4.66273488933783 4.65729140181507 4.65438709858283 4.65463322783912 4.6590687692179 4.66944453919308 4.68861084067016 4.72088217485333
4.81837253196953 4.81091727156209 4.8025932605605 4.79361991394104 4.78468603821015 4.77643272371669 4.76941282539563 4.76590149771677 4.7675432048304 4.7707193361106 4.77137197755691 4.76773354408618 4.75802244511881 4.73729071890935 4.69126484620406 4.59740506499073 4.55566215865274 4.64325347953359 4.70316706139668 4.72738757896222 4.73695915270828 4.74040711823789 4.74114726347322 4.74086680924214 4.74076258601095 4.74220380441804 4.74749563229684 4.76140940006812 4.79408114547098 4.85601610836504 4.89067675495151 4.82583511570074 4.75871811817202 4.71898241053759 4.69416002380912 4.67622359633781 4.661838955547 4.64984652661401 4.64007754660676 4.63275712613966 4.6282412320653 4.62714334731137 4.63072569764759 4.64149806086571 4.66430380902322 4.70841262496856
4.80557268354041 4.79652636222103 4.78533837846722 4.7720162699462 4.7584338923188 4.7459928818456 4.73133757308981 4.72245402932436 4.73639459066757 4.7523643593446 4.75909420737794 4.75788419330573 4.74876270975814 4.72617784913398 4.66637259327051 4.46356700449558 4.41525312468018 4.60639259248766 4.68973779419226 4.71760458248933 4.72760175747335 4.73084663937928 4.73124952038232 4.73063682719433 4.73031982719014 4.73193250327857 4.73863306369229 4.75857463107314 4.81898986398979 5.02906320007996 5.3095053225724 4.93350121036155 4.77020469098929 4.71154840950546 4.68113228637069 4.66003258029222 4.6427738045319 4.62777396930945 4.61510483697263 4.60529693386068 4.59855691474061 4.59515235035642 4.59624058441998 4.60471403710002 4.6272204694833 4.67823445476487
4.79054351215622 4.77946833706802 4.76332551112918 4.73954634535869 4.71362352834595 4.69779172324627 4.65743425829533 4.57589229262028 4.67918568636244 4.73233461802133 4.7478930006384 4.74969461774155 4.742868946959 4.7252051985604 4.68521540650817 4.60208235004402 4.5726793133019 4.64861987559842 4.6942215605916 4.71292503270213 4.719861391902 4.72165134674574 4.72111176684861 4.71972351808326 4.7186566098365 4.71946382265157 4.72522248940731 4.74394110918081 4.80262250923491 5.01373531301525 5.31061706586771 4.91476394603555 4.75436988313375 4.6981967211962 4.66757097557123 4.64457292742757 4.62429118338017 4.604877759785 4.58764902900667 4.57464567608069 4.56535241260368 4.55867089268238 4.55511631210542 4.55665746721168 4.57030326714777 4.61568788501151
4.7724267400589 4.75964689393943 4.73670178346884 4.68606932757574 4.60034361003562 4.60861169943676 4.60148048984357 4.37395277824279 4.64687930715528 4.7213750628255 4.74000418366339 4.74329497439869 4.73892101365236 4.72788774579486 4.7090817337048 4.68579957302247 4.67683111216598 4.68880114827587 4.70251975106464 4.7100859798309 4.71270889867676 4.71240570806707 4.71053188896578 4.70801702250415 4.70571844485612 4.70480494731097 4.70740458152669 4.71805018489601 4.74657416764985 4.80408674872011 4.83665759242941 4.77542581855944 4.71906353406975 4.68661295509007 4.65890718794311 4.63411961056866 4.61129956991309 4.58319815271795 4.55596595814972 4.53964345376227 4.5291987235141 4.51889923119934 4.50914730084875 4.49728824044196 4.4828677306543 4.50442937479795
4.74890381196106 4.73657689290799 4.71171874050017 4.62924275693004 4.24423281609469 4.43823163700223 4.62200783576581 4.64991056356158 4.69239461623522 4.72361927711641 4.73572935255023 4.73807434777149 4.73495921830354 4.72804757298372 4.71848438518108 4.70882452902744 4.70329348360955 4.70312763356122 4.70494811390411 4.70580129623044 4.70493342626294 4.70260812841579 4.69929406217044 4.69546596746236 4.6916463804952 4.68854143179117 4.68725402159833 4.6894999813875 4.6971196679713 4.70827582349767 4.71196678466085 4.70496523585924 4.7069277801483 4.70870633752807 4.66825383712275 4.63545301239873 4.62258627331613 4.56912146276571 4.50648216312409 4.49530327608546 4.49214799031824 4.48074239189807 4.46871290429703 4.43697783907868 4.3474877268154 4.2584372364694
4.71289773764503 4.70393932455065 4.69228589948623 4.64660012063312 4.51305575025451 4.5176361765535 4.6507643729846 4.6943487777713 4.71467108699341 4.72713607734725 4.73260834995804 4.73290858369201 4.72979843746637 4.7245095268078 4.71810658051106 4.71184781576197 4.7069641716442 4.70377334355622 4.70146440637109 4.69901682606644 4.69587237302174 4.69191163187099 4.68724006136834 4.68205961274384 4.67663402987938 4.6713007702686 4.66648903293939 4.66268025073889 4.6601641329088 4.65868524953243 4.65902695603591 4.67170833123037 4.74694054431161 4.93965477940172 4.71436762894027 4.63627002472687 4.75417540446407 4.58236143544174 4.3183195078863 4.43527030952835 4.45952178466566 4.4494932436341 4.4571752794967 4.396105549963 4.38263943594883 3.80641989178642
4.64207050933183 4.63334300481631 4.65581869677887 4.67092831555376 4.65831139082912 4.6626794730679 4.69089936866251 4.71118467801183 4.72201723633705 4.72729621377119 4.72855689802595 4.72676555557489 4.72286455705146 4.71772183742328 4.71211332300569 4.70670138397013 4.70191338953915 4.69777664927092 4.69393843192988 4.68992321028651 4.68538289990736 4.6801693670514 4.6742793146444 4.66778387109779 4.66078977755385 4.65340347374903 4.64566650225599 4.63750879537495 4.62890658337823 4.6207222484969 4.61710922282652 4.63163573259603 4.71857462216666 4.96884405424577 4.68490210597065 4.52429540790376 4.68146025455355 4.53604758206107 4.09097136042775 4.45769312684571 4.44399350844883 4.32895408388348 4.26862618080575 4.35405946242526 4.34844350926848 4.32530960613996
4.48425917155623 4.39671909240923 4.57906549631752 4.67051988097865 4.69168123265431 4.7010576335416 4.71095302379064 4.71901718930827 4.72344054622342 4.72449251210562 4.72278326511346 4.71895180355508 4.71372904885842 4.70789444056129 4.70213409090301 4.69687761586225 4.69221390486089 4.68793630127425 4.68365907207837 4.67896371526803 4.67356256774554 4.66735676435238 4.6603512724987 4.65257141735341 4.64406055226587 4.63484245875409 4.62473163998707 4.61311915462493 4.59912549345563 4.58284196673054 4.56904475606796 4.57029033104068 4.59629286635249 4.61970475107901 4.58227264157849 4.53757569807032 4.54141795876694 4.54170407343058 4.70057894667449 4.50985872700942 4.45173316614613 4.52006153614653 4.35624765014853 4.29231008112849 4.32906050781295 4.36274620723981
4.56770773133726 4.48715606064736 4.61126919919629 4.67447547327592 4.69884714890172 4.7101425917889 4.7167266076462 4.72034847232237 4.72114551830897 4.71926618568573 4.71502481667342 4.708924989107 4.70175282242168 4.69452702138796 4.68816512330434 4.6830575075046 4.67893463685518 4.67521750593302 4.67129351143048 4.66652592358482 4.66056797697328 4.65347734379978 4.64537717689326 4.63625238490258 4.62614606282398 4.61526009399477 4.60345079904859 4.58938747199852 4.57019568281218 4.54174706752553 4.50447685520696 4.49203295069529 4.51055216937638 4.52382938627844 4.51879090110145 4.51240454755721 4.54766984911881 4.75494736379485 4.55464111661778 4.42381369635047 4.33529031162903 4.8408407975084 4.40376605607316 4.29682826409442 4.21038729008816 4.33794490547538
4.6374497660209 4.62784775635963 4.64818229162982 4.67682563299895 4.69759824668013 4.7097010350264 4.71570165444584 4.71755612056761 4.71619477677166 4.71199253248161 4.70514542127069 4.6960197902438 4.68563869125133 4.67586698391056 4.6685471326154 4.66425894990158 4.66171133491367 4.65948688650651 4.65705839289685 4.65296174909876 4.64653591113908 4.63846442272834 4.62924073035318 4.61853182917898 4.60628059834364 4.59354539926223 4.58122200302099 4.56706549744158 4.545168792154 4.50515917665689 4.41355919296257 4.39282657362797 4.43710577705261 4.46489691758754 4.46345874890889 4.45159793310274 4.44207219057859 4.42500113634451 4.49952333775202 4.3097725819946 4.02455078529973 3.60395362393851 4.12007777596386 4.26697219607733 4.24676664777087 4.31480922390705
