samples/iOS/AnalizingVisualization/AnalyzingVisualization/AppData/usEarthquake.grd
ncols 100
nrows 134
xllcorner -14527652.3425126
yllcorner -178651.060706187
cellsize 75005.1168272367
NODATA_Value -9999
[rows 60 to 79 of 134, columns 0 to 45 of 100]
5.31188937563004 5.34471091562344 5.46525227973935 5.37018747405696 5.46907955575289 5.34456047377685 5.26629371768885 5.10123515107614 5.04692449494597 5.01439016770922 4.9749811350195 4.95190528690432 4.95009537654266 4.92472851583402 4.90381545522102 4.88234063089102 4.88629905677461 4.89471937094546 4.90257555055403 4.90908492333912 4.91211934397048 4.91149011142563 4.90918207798866 4.9049061362946 4.89895522864845 4.87680358137848 4.83932827873014 4.80397334655879 4.93629222019246 4.89592076538548 4.8530759313576 4.82283120843873 4.80840105671524 4.83334763734353 4.82902380534104 4.81530940588331 4.79703472605716 4.79460600242608 4.76941546421113 4.72470903575377 4.52064007008137 4.59949367640107 4.52519399237186 4.20270315930188 4.59432201120875 4.64799027203747
5.21024215468597 5.22030008476471 5.23641924397066 5.24659851491004 5.28625150086143 5.25914501150087 5.24520328716348 5.271372554995 5.06146155043593 5.08796781368091 4.94694146375549 4.93948607863492 4.91095058735528 4.92012097591878 4.89848600266824 4.78723173326994 4.85750912656538 4.86747499500253 4.89665994522662 4.91505691006425 4.92453365053309 4.92394344554904 4.94885198335477 4.92016097395044 4.96442887241078 4.87386098763636 4.69931882419047 4.7229845583601 4.81660406092532 4.85720246050336 4.85285187951118 4.81202716455401 4.79295267627658 4.82967673992608 4.82544118216882 4.8110030894024 4.64711221560031 4.82423783745532 4.76619864407834 4.72971217120389 4.65881617134867 4.65851205200888 4.65199181192901 4.63219565291331 4.6557663240567 4.64647454020515
5.14642701816617 5.15502658653015 5.1668149775455 5.18750002558107 5.27036487372719 5.57281577237397 5.27677477475425 5.93540677536739 5.08434426047515 5.20512857897374 4.97356692044834 4.88108104803887 4.89704863152498 4.88673681910696 4.8788041836347 4.87094398151721 4.8687463045331 4.74007414170136 4.8818507810054 4.92777738697825 4.98615281838969 4.95165256579012 4.93498670578325 4.91373670444319 4.90290784003579 4.93549117944612 4.9141492722513 4.891040215097 4.87870124726021 4.85901830977933 4.85170515621824 4.84279890376851 4.83562935962892 4.83118649651646 4.82105301206949 4.80722212916057 4.80210647418793 4.77881629363728 4.74419276688653 4.72274357358057 4.70872763611445 4.702888074304 4.69915422678758 4.69436272129444 4.68833470515534 4.65891387282861
5.10730088071893 5.11648783868511 5.12998270959102 5.15207736642915 5.18540105250979 5.21113756227381 5.38656329315088 4.86507525618318 5.12778506521098 5.0608769753204 4.69712558658055 4.90829758888037 4.8210392294549 4.81689379800569 4.83948572492789 5.01661534775082 4.89236837061374 4.9473744176158 4.9644391485113 4.99337450388032 4.63120681386355 4.88926853823458 4.89794384976525 4.89523624747501 4.88614425463156 4.88067262397856 4.99676416715073 4.88561801405331 4.93636882596141 4.85302529355139 4.84697866364997 4.8448746192311 4.84025356513693 4.83076027650896 4.81472357591707 4.79455155941063 4.77441687848227 4.73702728364404 4.69194483425032 4.68099360676732 4.69089140554793 4.70251290368633 4.70928622160501 4.71026314906363 4.70410743395386 4.68412621104811
5.08045155669427 5.09036890956484 5.10728406079434 5.14111899891912 5.2141848509172 5.28346560658009 5.29297887724799 5.21189455874536 5.10812238978685 5.31037342330005 4.9466360687761 4.83031298768607 4.80794451666323 4.80406803290721 4.86505319894913 4.88276686095991 4.90801821877133 4.94639772546866 5.02621258314428 4.92276012528752 4.93547725519542 4.92369923939317 4.83603882018453 4.87587660273761 4.88237761666995 4.86614211408914 4.80109768261078 4.29212135822042 4.74343527945796 4.82742219551343 4.83718200202053 4.84400217876703 4.84498749382666 4.8332243552629 4.80752260398006 4.77853145045538 4.82038988361693 4.78350415993932 4.56437199418277 4.58479897428769 4.64377217726744 4.68409671302152 4.7052169053248 4.71334033775364 4.71173453483243 4.70073401623091
5.05937714618989 5.0690565196596 5.08736362514347 5.13142323389907 5.3303337142505 5.47917632496249 5.10596871477819 4.92392712775608 5.04965733350673 4.86781175232295 4.92132035054745 4.85520063408755 4.83724646392993 4.82904372185747 4.94037182060117 4.94698712826319 4.93572277088416 4.95515566844984 4.99285254656067 4.75256803749792 4.93440328326593 4.91490546867873 4.89162557631861 4.88536703182567 4.87941783796781 4.85837937783822 4.79697029552666 4.5608860392327 4.65342732621156 4.8025197918403 4.82697565022967 4.84874067076827 4.8813348440137 4.86072270544371 4.80254347187447 4.7432378959783 4.74488610540937 4.51066014823411 4.20970752628972 4.41752134044691 4.58421391126263 4.66227812566073 4.69769334335368 4.71215346121663 4.71430894241335 4.70710505049116
5.04086486234343 5.04855602996147 5.0628569474334 5.09130026964087 5.14637668915735 5.21656172803598 5.11795285332909 5.02796848843657 4.98491906005639 4.95085429426326 4.81023278738083 4.5118821053031 4.79716049072974 4.77377511807732 4.69420858380674 5.02625989023057 5.06817214561397 4.96792392202307 5.33987647131267 4.93859805934535 4.86728325134926 4.8890753278502 4.89089307146442 4.88869440687269 4.88015462497541 4.85875223784778 4.80447972309567 4.62715154343676 4.7146271742519 4.77369750459117 4.82525746453199 4.85634385622798 5.14320624513029 4.95280878737344 4.80040356173047 4.70656886096477 4.50226093330182 3.81634775277352 3.8222652155576 4.32380241640264 4.55743462814854 4.65251395901116 4.69370083889432 4.71068139270002 4.71436588188913 4.70845711914905
5.02376663859517 5.02834082592873 5.0364274576536 5.04991463061479 5.07230830445482 5.15382194783074 5.08709557469002 4.99724442631017 4.95757479128297 4.97982852596271 4.44032228629205 4.72998024979236 4.77729747677563 4.73396891619146 4.93314998281099 4.95405063449208 5.03339651029929 4.95660994082579 5.02434829572259 4.8052821823871 4.85238015490788 4.83195753426932 4.87500981983031 4.88890694134534 4.88313576003601 4.862737751138 4.80150610195017 4.27440996566011 4.72135353857218 4.7897391095467 4.82735379216135 4.84717396207745 4.87498599294389 4.8567147080564 4.79829622497598 4.70929731203851 4.51986524037782 4.1438581369929 4.24536259982718 4.44461679718286 4.58837554893049 4.66125603815774 4.69578445786884 4.71035654210443 4.7131571594992 4.70740950184222
5.00804301299277 5.00945595496035 5.0121548343702 5.01603971120977 5.0202509755053 5.02017706316021 4.99856560084138 4.96542851041569 4.93274575495194 4.82397635440793 4.80609330136607 4.63651427416923 4.87134792084653 4.87968861615622 4.87794395452985 4.80650421483454 4.66049373381458 4.98078014624957 5.13815849218289 4.91961007211631 4.86217804264982 4.85333101178321 4.84946128979359 4.89497338478766 4.8881736485688 4.8689568514067 4.82946457399525 4.4436275938427 4.74188453278286 4.82286315547466 4.83537793852389 4.84125695452847 4.84216618004785 4.85115920312364 4.8299099676674 4.74100268234808 4.5911325833414 4.0597860427452 4.43376955198456 4.57013422531187 4.63838048386211 4.67944220903601 4.70126637719186 4.71021539073067 4.71022022950172 4.70314959751091
4.99395926131289 4.99278707033818 4.99168571414124 4.99001711801874 4.98637002451672 4.9781124303098 4.96285040325054 4.94232506828315 4.91878650021938 4.8916140261347 4.86241490062469 4.78751567182839 4.34883591303977 4.8868062085245 4.88242982382122 4.86955845666601 4.91713265080159 4.81010170451755 4.82521709285961 4.86609065389289 4.92279381574109 4.90536146307476 4.91528482400148 4.90718577698568 4.89194074559996 4.85467469820869 4.76510991143222 4.80389502567011 4.82923087651767 4.83947109549677 4.84226835468267 4.84024404725212 4.82989813811498 4.68010760251083 4.89114107058877 4.77396256532894 4.69851332534248 4.6249630709805 4.6217771022874 4.64987558886584 4.67595718527627 4.69479306680308 4.70506509483554 4.70769278026657 4.70388164909123 4.6936791410722
4.98168800738935 4.97865857988875 4.97519317390762 4.97072680855604 4.96440609383952 4.95527585502189 4.94297381442824 4.92836776277778 4.91314142072415 4.89980385808227 4.8905196656958 4.95877813209226 5.58052729624843 4.9114775533788 4.88972647659192 4.86081105079294 4.82673636848256 4.79816792925857 4.72074909511296 4.90803619764057 5.03685156631423 5.00767896325029 4.89772524057932 4.88133182496008 4.8993662371586 4.77444663165947 4.86008616506605 4.83714947151713 4.85133915188347 4.85069780451683 4.84663527357394 4.83993289041738 4.8295126623054 4.81988341206042 4.81899406079182 4.78740998127439 4.74562567809034 4.70463440081041 4.67233039606217 4.66757523729681 4.6913427111907 4.69980249069383 4.7022534766661 4.69901742014319 4.69121347467186 4.67812083909709
4.9712256068783 4.96697681166568 4.96217196843574 4.95644341404106 4.94937888604972 4.94069762212506 4.93055378593027 4.91982123647976 4.91018320710278 4.90318339702197 4.90465013468384 4.92384923409503 4.94466720630164 5.03546383874632 4.87629742398736 4.84805574811696 4.86023168664427 4.98123795402314 4.88360239016188 4.9239777889559 5.13725184188424 5.03418305974887 4.93616713098805 4.8644879300687 4.89123724338674 5.08432649143081 4.88626281129712 4.87857693215223 4.86506163428119 4.85643710944683 4.84786273122215 4.83724308708415 4.82482141550282 4.81593027778144 4.84876312521913 4.80877143887327 4.76027522538607 4.71435107264805 4.51256727515744 4.66569363341061 4.68554902080379 4.68809199958125 4.68762198973996 4.6763989342242 4.66235753738681 4.6547982938574
4.9624380979301 4.95744458850944 4.95194408674192 4.94573011972892 4.93863719264111 4.93065513348201 4.92210008779175 4.91396310678431 4.91201285618346 4.9083035323686 4.90054458434583 4.92263366664819 4.96166662562792 4.74855680901855 4.84322566932255 4.8498337754984 4.87131717155557 4.89751681949161 5.07718215098144 4.88960007778386 4.95703619298032 4.92711611067103 4.92456998131593 4.89886369078396 4.89608034310502 4.90060389523095 4.91804495429884 4.90262104495646 4.86985441385841 4.85764010466101 4.84565068858561 4.82912128762167 4.80566851171633 4.78968436492589 4.79884120847645 4.78215763391438 4.75523852529576 4.73021978819885 4.69450354490104 4.65834528511904 4.62765143049416 4.63216824158253 4.65558288285802 4.61992389856209 4.53304511117776 4.61987538351287
4.95512917953039 4.94971317516031 4.94389323238732 4.93756574378374 4.93068574186787 4.92333270886565 4.91579864206112 4.90875773295957 4.9038155324663 4.89811558391268 4.89219613627924 4.88908681527386 4.86423837919007 4.80876982791626 4.90489185200157 4.95552047525889 4.87053757012743 4.86797484186762 4.71700433525727 4.83926631567349 4.92876065133289 4.91063505009094 4.90017339926829 4.87391279187973 4.88397221063468 4.88108904834511 4.88216901652295 4.8873774143681 4.87013026613808 4.85554088837208 4.84068886062885 4.81473571495173 4.73672235519109 4.69040940169765 4.72972088913362 4.7215649517846 4.72567145354629 4.72655240412673 4.69568223654451 4.50358776545001 4.12761603584556 4.54727661777792 4.62176268260607 4.59186678368134 4.56401571108339 4.59415255463944
4.94909058212457 4.94345892346695 4.93752906155014 4.93125467556176 4.92463999746209 4.91777061988888 4.91083736252459 4.90412222439305 4.89780784199287 4.89155608477408 4.88499524082141 4.87666422096969 4.86277790671883 4.82963169171927 4.82413651707357 4.96166397747004 4.85676489130455 4.95200854480005 4.75931359171496 4.81228681943786 4.85600834117911 5.89916938070366 4.88001260012038 4.87261221773502 4.87075861812861 4.86324654478206 4.86135436034562 4.98855754359358 4.90149741111728 4.85050641546872 4.83474451914199 4.80510868383178 4.70672617257713 4.57880301196125 4.61735546687782 4.5010132590172 4.64741253420183 4.71159768104697 4.70168783433779 4.58353189944366 4.45130079239758 4.61715837916994 4.58421686203522 4.40909686461833 4.53616829786335 4.57908654494514
4.94412965862931 4.93841063156876 4.93248349986934 4.92633027296743 4.9199690748145 4.91346435321285 4.90692281297788 4.90045511236868 4.89408157612739 4.88761995787948 4.8805553839974 4.87143268826157 4.85471439115385 4.73742544295626 4.59428842847018 4.87612823940704 4.81395257404624 4.97117532034218 4.82765964791864 4.79987395492348 4.8438929027532 4.82458123831486 4.85380624034677 4.85919945218191 4.85852525299356 4.83539116891406 4.68742636475015 4.76963580508603 4.83822037250019 4.84075313361462 4.82837890974869 4.80217067131601 4.75276906589732 4.63107658654617 4.57402909105879 3.95798790753373 4.59215649346801 4.70662607523002 4.72137013767547 4.70003685989883 4.67864456086292 4.67410211223481 4.63088444938668 4.55880921653501 4.57624699146128 4.58595851554851
4.94008040153202 4.93435212913421 4.92848694717923 4.92247915310324 4.9163464608564 4.91013089582842 4.90388861286738 4.8976615260973 4.8914277381009 4.8850292234244 4.87799955920356 4.86868705179486 4.84536850011598 4.68776392057601 4.78524967058265 4.98026137638052 4.86521651931335 4.94597590019694 4.81459027904351 4.85569538322095 4.73815278945105 4.836490909005 4.84808539930751 4.85169535215459 4.85321657595784 4.82727681899827 4.55811992294078 4.73619999854872 4.82541683669857 4.83419806260847 4.82064765413417 4.78940560338663 4.74729590522792 4.70265870054714 4.59780732020497 4.55854255889913 4.66097792996591 4.72137674618972 4.73862441267053 4.73542313418829 4.72493147618011 4.7109696103299 4.68822370956916 4.66234407288021 4.64479722590418 4.61389009084331
4.93680497221675 4.93111482693824 4.92534250556067 4.91948672893768 4.91356070096745 4.90758992683244 4.90160330510136 4.89561560810297 4.88960162755337 4.88346067711134 4.87694980362393 4.86951792574254 4.86050249330573 4.8569136931357 4.87033903289032 4.94656600685093 4.89314905347843 4.67413193466836 4.57655850976002 4.79755055076861 4.71786958200923 4.83096142495569 4.8435332379823 4.85248254820951 4.8574565556086 4.84918282423713 4.82592334006891 4.82468487469684 4.83605757478099 4.8337709126299 4.81131477041692 4.7488901905652 4.64910069707855 4.66645095941266 4.63277690169442 4.58932909069509 4.70566119318527 4.74184546422966 4.75273184362099 4.75160102574005 4.74395222549314 4.73108250656429 4.71279672843921 4.69042345301561 4.67055025614362 4.64435765310683
4.934190800943 4.92856772913687 4.92290454928349 4.91720102681543 4.9114657716519 4.9057136652262 4.89995972484503 4.89420960177744 4.88844895855917 4.88263723885647 4.8767221657767 4.87074786861503 4.86530563244809 4.86208616977591 4.86167239896372 4.85687935630944 4.82500983722127 4.78534910975979 4.75607665801277 4.80728422554362 4.7716200563065 4.92579771470671 4.81504706945887 4.86711113409731 4.87158894341221 4.86565060095816 4.8557473453647 4.84989158468872 4.84693876795951 4.83788784192131 4.80841161360359 4.70446063945641 4.39191194817633 4.59417016980126 4.70733173592248 4.72765616747066 4.74825881772764 4.7602276578031 4.76220566918012 4.75962062556667 4.7541361007376 4.73931725072163 4.71747041600418 4.66226914437096 4.65197733734709 4.66692386609567
4.93214622290139 4.92660818885413 4.92106290554725 4.91550999702054 4.90995456067603 4.90440506525623 4.89886954793039 4.89335090951928 4.88784365074781 4.88233702480076 4.87683452304429 4.87140280246355 4.86621126149712 4.86127886813985 4.85554429597633 4.84611650131346 4.83218655676835 4.83701487013517 4.62157023785947 4.84431287859833 4.92963211861322 4.66294146803724 4.84668554150579 4.92970882302467 4.90264556932322 4.8794108276634 4.85477663437298 4.85567040909438 4.85499343720719 4.84664771554008 4.82378584691766 4.76195889338549 4.66390682431375 4.69796411689668 4.75177519646889 4.7695168097557 4.7745136269824 4.7710820295235 4.75996112201616 4.75681408501946 4.78740180303967 4.72907301290195 4.70467394721176 4.65956031186936 4.6562420625893 4.68751455417412
