samples/iOS/AnalizingVisualization/AnalyzingVisualization/AppData/usEarthquake.grd
ncols 100
nrows 134
xllcorner -14527652.3425126
yllcorner -178651.060706187
cellsize 75005.1168272367
NODATA_Value -9999
[rows 20 to 39 of 134, columns 46 to 91 of 100]
4.97636203311505 4.97388841961013 4.97146670686945 4.96909444288917 4.96676951101487 4.96449010750019 4.96225472045236 4.96006211014006 4.95791129063713 4.95580151277686 4.953732248392 4.95170317582145 4.94971416667074 4.94776527381718 4.94585672065524 4.9439888915694 4.94216232360794 4.94037769930047 4.93863584052262 4.93693770325295 4.93528437300894 4.93367706067617 4.93211709838296 4.93060593501144 4.92914513089496 4.92773635122571 4.92638135769859 4.92508199794742 4.92384019238608 4.92265791815885 4.92153719002127 4.92048003811403 4.91948848275675 4.91856450655948 4.91771002432744 4.91692685140136 4.91621667122324 4.91558100303512 4.91502117069378 4.91453827361161 4.91413316080599 4.91380640895862 4.91355830524775 4.91338883553902 4.91329767830133 4.91328420437902
4.97226901082172 4.96981630363507 4.96741212144951 4.96505417002108 4.96274049210214 4.96046944418943 4.95823967474432 4.95605010386805 4.95389990440712 4.95178848446181 4.949715471272 4.94768069646266 4.94568418264301 4.94372613136835 4.94180691248283 4.93992705486207 4.93808723856224 4.9362882883487 4.93453116852675 4.93281697892671 4.93114695181096 4.9295224493786 4.92794496145289 4.92641610285182 4.9249376098798 4.92351133533744 4.92213924143932 4.92082339005714 4.91956592977229 4.91836907932806 4.91723510721495 4.91616630729822 4.91516497060227 4.9142333535861 4.91337364347035 4.91258792139687 4.91187812439376 4.91124600727745 4.91069310572734 4.91022070180758 4.90982979318284 4.90952106716921 4.90929488058863 4.90915124616112 4.90908982588646 4.90910993155976
4.96815418553411 4.96572060558548 4.96333203130335 4.96098634168908 4.95868175354655 4.95641679735109 4.95419029469352 4.95200133728923 4.94984926752502 4.9477336605089 4.94565430758731 4.94361120130793 4.941604521829 4.9396346248025 4.93770203078465 4.93580741623814 4.9339516061849 4.9321355685324 4.93036041003514 4.92862737376153 4.92693783782363 4.92529331500264 4.92369545277649 4.9221460331382 4.92064697150334 4.91920031394 4.91780823193586 4.91647301394103 4.91519705299878 4.91398282990258 4.91283289149042 4.91174982390745 4.91073622092349 4.90979464767424 4.90892760048792 4.90813746374384 4.90742646496836 4.90679662958327 4.90624973686577 4.90578727874055 4.90541042299052 4.90511998234533 4.90491639068113 4.9047996872609 4.90476950957504 4.90482509493677
4.96401880685395 4.96160223662342 4.95922701601245 4.95689121365284 4.95459323585189 4.95233180148877 4.95010591861999 4.94791486278888 4.94575815700235 4.94363555331761 4.94154701598115 4.93949270608174 4.93747296771966 4.93548831574237 4.93353942514635 4.93162712227756 4.9297523779684 4.92791630271556 4.92612014392585 4.92436528514088 4.92265324699843 4.92098568951867 4.91936441512874 4.91779137167695 4.91626865455552 4.91479850695943 4.91338331726841 4.91202561255831 4.9107280473289 4.90949338668141 4.90832448339074 4.90722424858611 4.90619561607825 4.90524150072993 4.90436475164557 4.90356810133259 4.90285411232666 4.9022251230614 4.90168319495836 4.90123006280658 4.90086709046722 4.90059523377798 4.90041501224118 4.90032649068193 4.90032927157331 4.90042249819217
4.95986391125855 4.95746186895309 4.95509739148924 4.95276875463503 4.95047457063968 4.94821376203264 4.94598553731939 4.94378936856981 4.94162497083522 4.93949228329356 4.93739145201633 4.93532281428446 4.93328688444345 4.93128434137289 4.92931601773409 4.92738289122639 4.92548607811044 4.92362682922925 4.92180652866302 4.92002669500086 4.91828898500613 4.91659519921919 4.9149472887996 4.91334736268633 4.91179769396909 4.91030072423199 4.90885906456617 4.90747549195476 4.90615293982196 4.90489448170845 4.90370330728625 4.90258269026169 4.9015359481189 4.90056639411627 4.89967728244129 4.89887174792238 4.89815274215573 4.89752296828968 4.89698481698719 4.89654030622238 4.89619102753743 4.89593810118733 4.89578214222191 4.89572323903283 4.89576094524319 4.8958942851052
4.95569027460772 4.95329988554135 4.95094315707319 4.94861859103581 4.94632502327661 4.94406159619743 4.9418277334696 4.93962311690905 4.93744766539363 4.93530151564 4.93318500464471 4.93109865364562 4.92904315356104 4.92701935200701 4.92502824214055 4.92307095370385 4.9211487467098 4.91926300819258 4.91741525233501 4.91560712407579 4.91384040602197 4.91211702816526 4.91043907957084 4.90880882089611 4.90722869634498 4.90570134347677 4.90422959919222 4.90281650021139 4.90146527644893 4.90017933588726 4.89896223984785 4.89781766796865 4.89674937270324 4.89576112374442 4.89485664341809 4.89403953474438 4.89331320448044 4.89268078398519 4.89214505113304 4.89170835670473 4.89137255866896 4.89113896751639 4.89100830532463 4.89098068053727 4.8910555795788 4.89123187546354
4.95149835820776 4.94911632258627 4.94676393464777 4.94443994305009 4.94214342640787 4.93987376436588 4.93763061127748 4.93541387243905 4.93322368266084 4.93106038684699 4.92892452223374 4.92681680201116 4.92473810021598 4.92268943801334 4.9206719717314 4.91868698323229 4.91673587333433 4.91482015900783 4.91294147492677 4.91110157967798 4.90930236653947 4.90754587828697 4.90583432502469 4.90417010361742 4.9025558169528 4.9009942910172 4.89948858762826 4.89804201063949 4.89665810352465 4.89534063646295 4.89409358139884 4.89292107404182 4.8918273624037 4.89081674222319 4.88989348046673 4.88906172896035 4.88832543104078 4.88768822483538 4.8871533473226 4.88672354362452 4.88640098599163 4.88618720663465 4.88608304793003 4.8860886326066 4.88620335536474 4.88642589607491
4.94728824732907 4.94491080332495 4.94255889811221 4.9402315503306 4.93792810241265 4.93564818993899 4.93339171427117 4.93115881833953 4.92894986518756 4.92676541869987 4.92460622590048 4.92247320031965 4.92036740618317 4.91829004354074 4.91624243485531 4.91422601394297 4.91224231839283 4.91029298664678 4.90837976074213 4.90650449533028 4.90466917302754 4.90287592551543 4.90112705916311 4.89942508337115 4.89777273937883 4.89617302695458 4.89462922620533 4.89314491169013 4.89172395610312 4.89037052102237 4.88908903261526 4.88788414077672 4.8867606609582 4.88572349890926 4.88477755965006 4.88392764315602 4.88317833036283 4.8825338640971 4.88199803029817 4.88157404534289 4.88126445533773 4.88107105287763 4.88099481595857 4.88103587251456 4.88119349249241 4.88146610759506
4.94305958080408 4.94068246135521 4.93832669102697 4.93599158476114 4.93367677219256 4.9313821649935 4.9291079285596 4.92685445776289 4.92462235607308 4.92241241707194 4.92022560731781 4.9180630496781 4.91592600663896 4.91381586367362 4.91173411340224 4.90968234188485 4.90766221880861 4.90567549345397 4.90372399809426 4.90180965992087 4.89993452177814 4.8981007710685 4.8963107752865 4.89456712186505 4.89287265942727 4.89123053714306 4.88964423866561 4.88811760704673 4.8866548570905 4.88526057182374 4.88393968018349 4.8826974136961 4.88153924087969 4.88047077933392 4.87949768693003 4.87862553507709 4.877859668583 4.87720505800523 4.8766661514608 4.87624673351785 4.87594979892805 4.87577744852708 4.8757308135935 4.87581001334879 4.87601414817435 4.87634132867464
4.93881146996208 4.93642985106539 4.93406532951834 4.93171754709417 4.92938644687022 4.92707223826835 4.92477536810239 4.92249649708178 4.9202364805796 4.91799635205521 4.91577730740025 4.91358068870143 4.91140796650313 4.90926072054043 4.90714061995928 4.90504940503859 4.90298887314512 4.90096087190074 4.89896730222752 4.89701013309828 4.89509142860792 4.89321338662729 4.89137838702067 4.8895890463755 4.88784827546274 4.88615933520614 4.88452588670608 4.8829520307685 4.88144233240505 4.88000182593019 4.87863599667782 4.8773507360972 4.87615226814325 4.87504704645473 4.87404162374331 4.87314249693869 4.87235593376094 4.87168778829875 4.87114331468717 4.87072698892585 4.87044234915644 4.87029186422471 4.8702768390493 4.87039736320388 4.87065230627572 4.87103936017949
4.93454240463644 4.9321508419135 4.92977208647471 4.92740614305104 4.92505329780887 4.9227140808836 4.92038923749192 4.91807970658371 4.91578660507464 4.91351121507325 4.91125497129668 4.90901944615997 4.90680633088505 4.90461741234688 4.90245454704376 4.90031963521762 4.89821459936267 4.89614137182426 4.89410189573525 4.89209814223883 4.89013214507587 4.88820605157661 4.88632218726586 4.88448312993212 4.88269178817616 4.88095147905633 4.87926599928316 4.87763968433222 4.87607744976272 4.87458480903094 4.87316786234317 4.87183325182208 4.87058807962261 4.86943978766956 4.86839600028654 4.86746433391267 4.86665218104674 4.86596647821881 4.86541346990101 4.86499848163925 4.86472571617246 4.86459808578869 4.86461709256292 4.86478276537871 4.86509365880754 4.86554691422271
4.93025014317792 4.92784249201765 4.92544335150447 4.92305313281865 4.92067249871282 4.91830232364198 4.9159436663343 4.913597752963 4.9112659678189 4.90894984745506 4.90665107385458 4.90437146248733 4.90211294233975 4.89987752709589 4.89766727932033 4.89548427219749 4.89333055544582 4.89120813285641 4.88911895821399 4.887064954264 4.88504805640619 4.88307027964177 4.88113380465385 4.87924107715545 4.8773949138343 4.87559860807539 4.87385602873717 4.87217170523353 4.87055089191271 4.86899960434821 4.86752462004066 4.86613343658275 4.86483418189826 4.86363547381739 4.8625462298275 4.8615754319309 4.8607318556708 4.86002377608225 4.8594586662442 4.85904290603805 4.85878151950933 4.85867795875986 4.85873395040322 4.85894941714936 4.85932248198493 4.85984955587536
4.92593158211842 4.92350089452719 4.92107445878853 4.91865314544172 4.916238031216 4.91383035759295 4.91143150738263 4.90904299625972 4.90666647458601 4.90430373345942 4.90195670807918 4.8996274717023 4.89731821509619 4.89503120955992 4.892768755884 4.89053312613338 4.88832650868604 4.88615096845334 4.88400843309325 4.88190071252644 4.87982955413728 4.87779673102787 4.87580415679773 4.87385401819534 4.87194891654735 4.8700920094592 4.86828714501216 4.86653898084708 4.86485307988053 4.86323597323183 4.86169517996441 4.86023917328527 4.85887728454431 4.8576195399102 4.85647642966041 4.8554586158922 4.85457659031221 4.85384029888015 4.85325875403224 4.85283965782133 4.8525890605209 4.85251107895127 4.85260769673746 4.852878664515 4.85332151144864 4.85393167034386
4.92158259891316 4.919120987084 4.91665947141412 4.91419944604329 4.91174244198459 4.90929008647275 4.90684408788856 4.90440624159332 4.90197845009813 4.8995627488326 4.89716132699724 4.8947765326063 4.89241085281426 4.89006686535721 4.88774716389907 4.88545426773283 4.88319053249995 4.88095808131002 4.87875877377208 4.87659422438539 4.8744658733198 4.87237510438517 4.87032339917507 4.8683125140193 4.86634466710924 4.86442272549711 4.86255038381077 4.86073232709602 4.8589743687685 4.85728355184706 4.85566819885315 4.85413789461254 4.8527033879017 4.85137640278596 4.85016935794811 4.84909500098198 4.8481659730282 4.84739432615003 4.84679102098299 4.84636543549362 4.8461249173836 4.84607441281703 4.84621620232554 4.84654977012181 4.84707182470876 4.84777647616363
4.91719785725018 4.91469630957888 4.91219090538134 4.90968363856578 4.90717653448989 4.90467161525496 4.90217089984408 4.89967643286323 4.89719033360487 4.89471485355355 4.89225242662606 4.88980569448924 4.88737749126414 4.88497077890158 4.88258853589799 4.88023361525487 4.87790859872983 4.87561567950642 4.87335660218071 4.87113267812042 4.86894487937586 4.86679400038067 4.86468086786198 4.86260657739533 4.86057273872001 4.85858171809592 4.85663687103293 4.85474276006358 4.85290534916558 4.85113216028817 4.84943237095631 4.84781682826609 4.84629795606999 4.84488953935468 4.84360638138567 4.84246384249391 4.84147728165248 4.84066143142531 4.84002974305784 4.83959374211159 4.83936243713141 4.83934182483771 4.8395345346466 4.83993965124164 4.84055274425461 4.8413661172262
4.91277055723428 4.91021868714283 4.90765936831687 4.90509527908272 4.90252897157288 4.89996285270249 4.89739920928737 4.8948402710683 4.89228830333841 4.88974571433323 4.88721515433678 4.88469957770546 4.88220223983647 4.87972661112691 4.87727620877324 4.87485437059845 4.87246401562367 4.87010744592542 4.86778623866195 4.86550125716477 4.863252782825 4.86104074511503 4.85886501354876 4.85672571542025 4.85462355363714 4.85256011314095 4.85053815518945 4.84856190143866 4.84663730328607 4.8447722790617 4.84297688778431 4.84126339945952 4.839646222764 4.83814166240552 4.83676749752893 4.8355423938588 4.8344851805133 4.83361403461348 4.8329456230598 4.83249425351376 4.83227108849781 4.8322834791001 4.83253447717567 4.83302258387106 4.83374178299966 4.83468188592695
4.90829209961262 4.90567780204304 4.90305307581181 4.90042136372901 4.89778575474297 4.89514899643977 4.89251355660115 4.8898817332007 4.88725580954597 4.88463823853558 4.88203182276248 4.87943984304322 4.87686608484796 4.87431472586745 4.87179007922141 4.86929622879063 4.86683663207385 4.8644137857484 4.86202903917809 4.85968260317411 4.85737375003996 4.85510115689859 4.85286332344084 4.85065900155062 4.84848759975827 4.84634955588621 4.84424669294013 4.84218257797621 4.84016289012089 4.83819577766503 4.83629215562175 4.83446587626278 4.83273370476947 4.83111505195129 4.82963144952918 4.82830578935994 4.82716137560989 4.82622085333867 4.82550508012871 4.82503200559946 4.82481562356036 4.82486506683563 4.82518392425917 4.82576986684678 4.82661466600653 4.82770466076518
4.90375160949244 4.90106059745709 4.8983571909203 4.89564563978234 4.8929295313345 4.89021185480235 4.88749510680994 4.88478145719412 4.88207298841955 4.87937199630507 4.876681304749 4.87400451561498 4.87134610153318 4.86871126652985 4.8661055513647 4.86353423727044 4.86100167776458 4.85851072978837 4.85606243824388 4.85365605382042 4.85128936386557 4.84895923408158 4.84666222719113 4.84439518802079 4.84215574243271 4.83994272005055 4.83775655234729 4.83559970486357 4.83347717434889 4.83139702906066 4.8293709128826 4.82741439471927 4.82554704190584 4.82379213356011 4.82217599256018 4.82072697832919 4.81947422512858 4.81844622415307 4.81766933954534 4.8171663339363 4.81695497291436 4.817046787636 4.81744609897215 4.81814943423514 4.81914548013902 4.82041569142938
4.89913522373419 4.89635042559106 4.89355290886259 4.89074766709729 4.88793865872412 4.88512893713194 4.88232078755034 4.87951594101499 4.87671591770799 4.87392250163177 4.87113828054391 4.86836711941746 4.86561439809514 4.86288686013024 4.86019200478566 4.85753709643597 4.85492801831946 4.85236828914825 4.84985853273389 4.84739654103885 4.84497786818155 4.84259673565028 4.84024698399573 4.83792287352782 4.83561966405518 4.83333402790217 4.83106442647867 4.82881158966216 4.82657918087751 4.82437462745073 4.82220998055548 4.82010258804432 4.81807535593922 4.816156448892 4.81437840427051 4.81277675264397 4.81138830325273 4.8102492550175 4.80939325391943 4.8088494723324 4.80864076504436 4.80878197417698 4.80927850816039 4.81012539026831 4.81130702724429 4.81279794419662
4.89442497942467 4.89152581230907 4.88861618021246 4.88570152840646 4.88278592128442 4.87987220658238 4.87696211525045 4.87405647334081 4.87115565542702 4.86826031559949 4.86537230683922 4.86249556986474 4.85963668140081 4.85680475132503 4.85401049067076 4.85126453676479 4.84857543742851 4.84594790783517 4.84338193259569 4.84087297230724 4.83841310514716 4.8359926233093 4.8336015528983 4.83123074617705 4.82887247043179 4.82652065529234 4.82417109010142 4.82182186895432 4.81947427215676 4.81713407466598 4.81481304134706 4.81253019786965 4.8103124461936 4.80819425073302 4.80621638133883 4.80442392973707 4.80286391579169 4.80158275797886 4.80062376361911 4.80002468180306 4.79981531169326 4.80001519030528 4.80063148975556 4.8016574076656 4.80307148479213 4.80483834844429
